# t0 = first beep start time (s)
# t0_beep_s = 1.132
# Shot time sequence relative to t0 (seconds), one per line
0.2909
0.9059
1.0944
1.4773
1.6835
1.8936
2.0633
2.3238
2.7746
3.5789
4.2046
4.5888
4.7508
5.0684
5.3171
5.5365
5.7325
5.8875
6.1274
6.2694
6.4689
6.7016
7.3151
8.2358
8.5634
9.2972
9.5674
10.2693
10.8769
11.2332
11.7508
11.9377
12.5903
13.0023
13.5114
13.7693
14.0983
14.2296
14.4416
14.6562
14.8707
15.0416
15.4107
15.6484
15.9407
16.4913
16.9142
17.3414
17.5713
17.9667
18.5339
19.0693
19.2927
19.5685
19.8139
21.0781
21.2678
21.9306
